dim 120 120 120
putbox 0 40 0 1 0 40 0.063 0.137 0.447 1.0
putbox 2 38 1 50 2 38 0.063 0.137 0.447 1.0
cutbox 3 37 2 49 3 37
putbox 1 39 51 55 1 39 1.0 1.0 1.0 1.0
cutbox 2 38 52 54  2 38
putbox 4 36 55 59 4 36 0.063 0.137 0.447 1.0
cutbox 5 35 56 58 5 35
putbox 6 34 59 63 6 34 0.063 0.137 0.447 1.0
cutbox 7 33 58 62 7 33
putbox 18 22 64 70 18 22 0.063 0.137 0.447 1.0
cutbox 19 21 63 69 19 21
putsphere 20 67 20 5 1.0 1.0 0.0 1.0
cutsphere 20  67 20 4
putbox 19 19 64 69 18 22 1.0 1.0 0.0 0.03
putbox 21 21 64 69 18 22 1.0 1.0 0.0 0.03
putbox 18 22 64 69 19 19 1.0 1.0 0.0 0.03
putbox 18 22 64 69 21 21 1.0 1.0 0.0 0.03
cutbox 9 16 39 49 2 3 1.0 1.0 0.0 0.03
cutbox 25 32 39 49 2 3 1.0 1.0 0.0 0.03
cutbox 9 16 27 37 2 3 1.0 1.0 0.0 0.03
cutbox 25 32 27 37 2 3 1.0 1.0 0.0 0.03
cutbox 9 16 15 25 2 3 1.0 1.0 0.0 0.03
cutbox 25 32 15 25 2 3 1.0 1.0 0.0 0.03
cutbox 9 16 3 13 2 3 1.0 1.0 0.0 0.03
cutbox 25 32 3 13 2 3 1.0 1.0 0.0 0.03
cutbox 2 3 39 49 9 16 1.0 1.0 0.0 0.03
cutbox 2 3 39 49 25 32 1.0 1.0 0.0 0.03
cutbox 2 3 27 37 9 16 1.0 1.0 0.0 0.03
cutbox 2 3 27 37 25 32 1.0 1.0 0.0 0.03
cutbox 2 3 15 25 9 16 1.0 1.0 0.0 0.03
cutbox 2 3 15 25 25 32 1.0 1.0 0.0 0.03
cutbox 2 3 3 13 9 16 1.0 1.0 0.0 0.03
cutbox 2 3 3 13 25 32 1.0 1.0 0.0 0.03
cutbox 9 16 39 49 37 38 1.0 1.0 0.0 0.03
cutbox 25 32 39 49 37 38 1.0 1.0 0.0 0.03
cutbox 9 16 27 37 37 38 1.0 1.0 0.0 0.03
cutbox 25 32 27 37 37 38 1.0 1.0 0.0 0.03
cutbox 9 16 15 25 37 38 1.0 1.0 0.0 0.03
cutbox 25 32 15 25 37 38 1.0 1.0 0.0 0.03
cutbox 9 16 3 13 37 38 1.0 1.0 0.0 0.03
cutbox 25 32 3 13 37 38 1.0 1.0 0.0 0.03
cutbox 37 38 39 49 9 16 1.0 1.0 0.0 0.03
cutbox 37 38 39 49 25 32 1.0 1.0 0.0 0.03
cutbox 37 38 27 37 9 16 1.0 1.0 0.0 0.03
cutbox 37 38 27 37 25 32 1.0 1.0 0.0 0.03
cutbox 37 38 15 25 9 16 1.0 1.0 0.0 0.03
cutbox 37 38 15 25 25 32 1.0 1.0 0.0 0.03
cutbox 37 38 3 13 9 16 1.0 1.0 0.0 0.03
cutbox 37 38 3 13 25 32 1.0 1.0 0.0 0.03
putbox 9 16 39 49 3 3 0.529 0.808 0.921 1.0
putbox 25 32 39 49 3 3 0.529 0.808 0.921 1.0
putbox 3 3 39 49 9 16 0.529 0.808 0.921 1.0
putbox 3 3 39 49 25 32 0.529 0.808 0.921 1.0
putbox 9 16 39 49 37 37 0.529 0.808 0.921 1.0
putbox 25 32 39 49 37 37 0.529 0.808 0.921 1.0
putbox 37 37 39 49 9 16 0.529 0.808 0.921 1.0
putbox 37 37 39 49 25 32 0.529 0.808 0.921 1.0
putellipsoid 13 32 38 2 2 0 0.8 0.8 0.8 1